Matrix A

   7   3   3   3   6   0   2   7   9   8   7   0   1   8   9   4   1   5  10   4   7   1   8   0   6   9   1   5   9   7   9   5
   0  10   8   5   1   7   1   4   4   5   7   0   6   0   0   5   9  10   6   4   2  10   6   8   3  10  10   0   1   6   6   7
   9   5   0   8   7   0   0   9   9   9   3   7   7   7   5   2  10   2   4   9   5   5   8   4   9   9  10   2   4   6   9   5
  10   8   6   4   2   1   8   3   4   9   0   9   9   5   0   0   1   0   0   7   3   5   9   8   7   0   5  10   4   9   9   9
  10   2   4   7   1   5   2   1   2   7   9   6   1   8   6   4   7   4  10   0  10   1   3   7   6   6   4  10   5   2   1   6
   2  10   1   3   1   4   4   2   9   0   2   1   7   3   0   4  10  10   2   5  10   3   7   1   7  10   7   9   2   2   8   1
   4   7   2   5   3   9   0   6   0   9   9   5   6  10   2   7   8   8   8   3   8   9   8   3   2   2   5   8  10   9   6  10
   8   2   2   1   9   8   9   3   7   6   9   1   3   3  10   5   8   4   9   7   2   9   1   4   6   7   2   4   9   1   7   6
   8   4   8  10   3   4   9   2   2  10   9   6   2   8   7   2  10   8   4   8   1  10   1   4   5   9   5  10   7   8   2   9
   8   8   2   4   0   9   6   2   3   0   2   9   1   7   7   8   2   7  10   4   7   7   6   1   1   1   3   9   1  10   6   5
   0   8   8   6   7   5   1   8   4   8   8   9   8   0   9   7   4   1   3   7   6   6  10   4   2   3   1   8   7   5   9   3
   5  10   0   6   6   4  10   6   7   1   4   9   0   9   3   2  10   8   6   8   9   7   8   2   3   7  10   6   6   5   7   4
  10   4   5  10   1   5   0   2   0   5   8   7   5   5   7   4   7   6   0   3   8   1   9   1   9   1   4   9   8   2   1   5
   5   1   9   3   8   3   3  10   6  10  10   2   5   6   4   5   4   6   4   4   1   5   6   0   2   4   7   3   5   6   6   1
   3   9   8   4   3   7   5   2   4   7   5   6   3   7   0   1  10   8   5   1   1   4   1   1   4   3   0   6  10   8  10   1
   0   2   2   2   6   3  10   0   3  10  10   3   7   1  10   4   3   3   3   6   1   5   8   1   1   9   6   7   6   8   4   3
   0   1   7   0   1   7   9   0   0   0   9   0   2   3   8   7   0   0   4   2   9   2   6   8   9  10   2   1   9   0   9   0
   1   2   4   1  10  10   3   0   4   9   2   8   2  10   7   0   3   7   7   7   6   7   0   5   5   4   5  10   6  10   0  10
   5   1   9   1   5   8   8   3   5   5   9   7   5   5   1   6  10   8   7   8   6   2   9   0   8   6   9   0   2   0   2   1
   7   4   0   3   2   0  10   9   0   5   0   8   8   8   2  10   5   1   4   5   5   5   3  10   9  10   7   8   2   8   8  10
   8   2   1   9   0   8   9   7   9   6   8   9   5   9  10   5   3   2   6   4   5   5   2   8   4   3   4   2   1   1   4   2
   2   6   4   4   9   8  10   2   2   1   8  10   0   1   8   2   9   1   5   2  10   2  10   7   2   0   7   0   0   8   0   3
   7   0   4   0   5  10   0   0  10   9   0   4   4   7   8   5   7   3  10   3   6   4   0   7   4   0   0   2   7   9   6   3
   2   4   2   0   9   8   5   7   0   4   1  10   3   3  10   5   4   2   1  10   4   0  10   0   4   5   4   8   9   2   9   3
   9  10   4   8   7   5   0   1   0   2   8   1   0   3   3   0   8   8   4   2   4   5   6   3   8   5   0   5   2   9   0   0
   2   0   1   9   3   5   9   9   0   9   3   5  10   8   4   9   3   0   6   5   3   0   4   9   1  10   1   7   6   3   5   4
   8   6   2   3   3   5   6   1   4   3   5   2  10   8   7   5   6   4   0   4  10   1   6   2   5   1   1   9   4   3   1   0
   7   9   5   6   9   4   4   6   5   6   0   6   7  10   0   3   3   2   1   0   8   5   0   8   1  10   1   2   8   3   0   3
   4   7   4   2   6   7   4   9   6   2   4   4   7  10   7   1   1   1   2   0   0   5   4   9   3   2   6   8   8   4   0   6
  10  10   8   8   6  10   1  10   8   2   1  10   2   8   0   9   4  10   7   0   5   6   9   7   6   5   3   9   9   9  10   9
   4   0   5  10   3   7   0   9   1   6   2  10   6   5   9   5  10   9   5   1   8   4   7   2   4   8   7   5  10   7   3   1
   8   9   4   8   0   3   7   0   0   1   5   3   6   6   7  10   6   4   1   6   1   2   4   0   6   7  10   0   4   8   8   0

Matrix B

   6  10   9   6   8   0   1   3   4   6   9   4   2   5   5   9   7   5   8   7   5   4   4   1   2   4   6   2   6   1  10   2
   7   5   8   9   2   4   4   4   3   9   2   3   1   6   3   0   0   6   8   6   8   4   0   2   6   8   8  10   8   6   5   7
   9   5   8   2   3   1   4  10   3   8   7   7   8   7   9   1   0   1  10  10   3   2   6   6   7   3   1   7   4   0   7   6
   6   6   5   5   4  10   9   6   2   4  10  10   7   9   8   8  10   8   2   1   6   1   3   1   5   3   4   1   8   6   6   5
   3   5   6  10  10   6   2   7   7   1   4  10   9   4   2   5   7   1   5   3   7   4   3   5   5  10   7   4   8   1  10   3
   8   1   4   3   2   0   3   8   1   3   9   3   7   8   4   6   4   1   5   8   8   0   1   2   2   9   4   1   6   2  10   9
   7  10   5   6  10   2   4   1   8   7   3   8  10   0   0   5   6   3  10   0   0   2   8   3   5   8   5   6   6   5   0   7
   5   4   1   6   4   8   2   8  10   0   9   7   9   2   9   4   3   3   2   2   2   1   9   4   6   5   8   0   8   8   9   0
   4  10   9   3  10   7   5   7   5   1  10   2   9   5   1   6   4   9   0   8   2  10   6   7  10   2   1  10  10   4   2   2
   9   8   3   6   5   3   0   2   6   8   5   9   8   9   8  10   6  10   7   0   0   0   9   8   7   3   8   8   8   0   8   6
   6   9   1   9   2   0   6   3   0   6   8   9   0   4   6   9   2   5   7   3   0   2   6   7   5   3   6  10   2   9   7   6
   9   1   4   5   0   8   1   5   8   4   9  10  10   7   7   9   2   4   8   0   7   0   0   4   7   4   9   2   5   2   8   8
   2   7   6   4   6   0   4   0   5   5   9   6  10   1   3   1   4   0   1   4  10   6   4   2   2  10   3   0   2   2   6   0
   0  10  10   1  10  10   8   1  10   2   5   8   0   3  10   4  10  10   2   3   5   3   4  10   1   9   0   7  10   7   6   7
  10   3   1   8   7   5  10   2   9   7   3   0   1   8   0  10  10   3   0   1  10   8   5   0   7  10   0   9   7   7   7   3
   9   6  10   8   2   4   1   7   2   5   7   7   7  10   0   7   2   1  10   8   4   6   6   4   9  10   8   0   3   9   1   0
   2   0   6  10   8   0   5   1   0   3   5   2   2   8   6   7   8  10   8   9   6   7  10   8   8   3   1  10   1   3   0   0
   6   7   8   2   6   0   4   4   6   4  10   9   0   2   2   3   8   5   3   9  10   4   5   0   5   7  10   2   8   8   6   7
   1   3   2   2   3   4   1  10   5   5   9   8   1   0   1   0   6   5   5   9   2   1   2   1   9   9   3   6   1   4   3   5
   3   7   9   4   1   9  10   3   6  10   5   1   4   1   3   6   6   1   7   5   1   2   8   3   0   4   0   2  10   6   5   4
   7   6  10   6   9   9   7   9   9   6   0   2   2   6   0  10   2   4   0   2   0   6   5   9   2   8   8   0   6   0   5  10
   1   4   6   1   4   6   3   7   3   5   8   3   8  10   3  10   6   0   1   4   8   7   8   0   4   4   3   4   8   1   9  10
   3   7   8   5   5   3   8  10   6   3   5   5   0   0   2   5   5  10   1   1   4   9   4   5   9   3   9   2   7   7   9   5
   4   2   3   5   0   6   4   8   3   0   1  10   2   1   7   1   0  10   5   5   5   8   5   6   3   2   0   3   2   2  10   7
   9   6   7   3  10   7  10   0   3   7   2  10   9   4   6   6   6   0   9   6   9   6  10   1   0   1   1   0   5   8   5   8
   2   7   4   0   7   7   1   7   9   6   4   8   3   6   6   4   2   8   7   8   7   8   3   5   6   6   8   7   5   9  10   8
  10   2   2   4   4   5   7   5   7   5   5   5   6   6   8   8   2   4   0   0   1   9   2   7   5   9   3  10   9   0   6   5
   1   3   1   9   1   0  10   0   1   3   3   8   0   7  10  10   6   4   5   7   8   8   7   9  10   8   2   9   0   9   4   4
   8   7   0  10   2   7   6   9   9   7   6   6   7   7   9   5   2   8  10   5   8   8   1   0   0   4  10  10   5  10   8   3
   2   2   6   6   5   5   2   2   2   7   9   9   9   7   6   7   8   2   7   8   6   4   1   7   9  10   7   7   0   0  10   9
   1  10   3   7   6  10   9   1   5   4   7   8   8   5   5   4   2  10   0   3   2   7   4   0   8   6   8   1   6   8   6   1
   4   5   4   5   2  10   2   2   7   1   5   4   4   6   4   0   5   4   5   9   5   4   8   9   9   1   4   5   0   9   8   8


Product of matrices A and B using Naive Algorithm: 
  783 1054  842  884  920  886  817  800  951  797  989 1038  746  801  761  932  829  909  758  800  751  820  803  702  942  958  873  864  923  916 1077  796

  789  821  853  763  703  713  694  834  707  772 1012  990  778  847  763  778  658  807  768  896  805  798  787  674  929  891  792  821  842  736 1057  891

  900 1077 1013  989 1027 1057  937  829 1029  870 1140 1154  995  954  957 1111  938 1027  825  818  900  952  952  823 1003 1012  904  895 1122  872 1242  879

  801  960  895  884  765  829  813  640  830  807  943 1070  926  795  880  903  745  819  839  716  796  777  815  743  887  867  786  751  861  705 1108  876

  832  850  782  847  762  715  761  740  769  735  898 1024  601  848  824  965  777  858  816  786  762  716  767  760  844  879  723  820  745  763  998  867

  678  852  882  760  820  674  811  649  718  707  826  843  650  723  637  808  651  780  643  784  767  851  732  643  813  885  743  718  830  774  813  740

  913 1016  971 1055  841  906  878  905  936  883 1198 1199  866 1044  977 1090  925  973  918  947  973  857  900  870 1045 1141 1027  944  959  948 1273 1033

  860 1005  829  956  911  788  800  788  876  836 1031 1013  867  887  727 1003  863  810  905  873  855  829  914  638  896  992  781  915  928  878 1077  837

  985 1079  974 1022  934  897  933  799  946  998 1187 1255  937 1095 1053 1183 1041  964 1084  972 1003  852 1029  863 1049 1059  877 1099 1018  953 1259 1088

  769  813  879  809  712  733  735  732  763  760  995  926  696  833  652  923  797  698  745  799  813  687  660  619  925 1040  792  713  810  742  970  885

  919  934  858 1042  741  858  875  883  871  860 1057 1080  940  955  837 1027  746  828  838  758  876  819  839  720 1022 1013  924  826  935  860 1168  834

  904 1047 1034 1008  989  993  955  890 1039  881 1099 1123  879  923  869 1093  917  999  875  840  891  917  875  818 1019 1123  967  973 1128  923 1136 1010

  886  843  815  884  729  669  850  666  726  762  902  940  653  853  811  985  777  757  780  694  839  715  749  651  757  812  762  707  796  785  994  781

  793  925  780  826  795  686  693  753  804  734 1029 1016  843  788  802  904  736  749  739  701  674  683  793  685  872  901  799  805  899  714 1033  706

  717  826  756  823  722  639  682  637  673  743  950  987  776  814  808  786  696  804  841  795  785  629  670  594  814  849  779  827  762  711  911  768

  754  852  664  839  726  624  718  619  771  789  855  933  759  760  654  919  729  702  744  609  708  734  726  641  862  923  755  862  769  736  952  761

  721  763  607  659  641  622  696  676  673  668  611  803  602  603  536  684  455  606  677  574  576  674  605  466  582  741  614  577  633  712  796  703

  814  812  832  832  794  839  762  738  888  769  953 1049  826  899  829  967  881  728  823  838  899  719  779  805  870 1025  726  891  871  705 1137 1017

  896  920  935  788  863  658  758  805  817  809  998  997  811  748  718  917  737  742  865  783  701  706  835  709  828  914  776  757  919  721  951  828

  835  971  920  914  870  966  792  704  964  801  973 1193  957  862  894  956  805  842  918  814  860  862  925  807  955 1042  853  743  860  888 1116  906

  881  937  826  809  824  816  780  740  853  728 1021  997  831  812  747  994  807  823  724  654  738  687  802  656  829  923  690  739  947  750 1005  825

  819  656  754  849  718  644  671  754  711  667  785  863  698  709  572  866  668  667  716  577  647  632  630  676  818  879  706  723  745  530  917  834

  718  763  782  755  763  692  623  701  712  664  915  849  766  799  644  834  745  735  703  797  736  678  676  615  780  875  619  724  743  554  932  726

  802  787  712  896  694  766  794  692  873  723  822  881  778  750  695  890  687  686  744  603  776  710  686  580  793  929  808  670  858  803  988  690

  637  684  747  728  678  519  635  606  521  666  781  848  516  698  641  767  701  633  717  714  762  583  596  515  674  739  662  661  679  601  899  752

  734  879  716  818  708  793  690  708  853  685  908 1075  823  739  800  829  726  810  785  650  725  659  763  678  815  939  760  655  773  814  983  718

  698  810  810  787  761  544  747  539  673  679  745  772  589  673  595  838  696  636  651  622  726  681  675  608  652  867  621  641  731  647  798  657

  707  822  811  735  757  761  551  749  820  636  817  934  771  759  749  741  619  748  739  673  762  646  616  652  669  846  748  687  829  598  998  773

  721  753  670  777  671  692  686  683  779  584  841  896  726  706  783  747  659  689  660  658  800  709  655  649  736  865  618  783  784  698 1004  731

 1046 1143 1160 1105  972 1072  933 1109 1048  893 1369 1391 1079 1124 1081 1099  946 1076 1054 1141 1138  985  926  866 1211 1203 1151  925 1122 1059 1431 1101

  945  848  846  919  847  837  828  889  942  805 1112 1105  880  981  914 1072  876  876  803  790  960  816  787  703  933 1041  929  800  935  817 1165  868

  806  849  826  784  745  676  755  573  696  819  880  886  733  786  675  837  700  683  773  669  742  707  633  515  740  926  717  711  816  730  865  695

Execution time for Naive algorithm: 2.634038 ms
# of additions: 32768
# of multiplications: 32768
Matrix Order = 32, n cubed (for reference) = 32768

Product of matrices A and B using Strassen's Algorithm: 
  783 1054  842  884  920  886  817  800  951  797  989 1038  746  801  761  932  829  909  758  800  751  820  803  702  942  958  873  864  923  916 1077  796

  789  821  853  763  703  713  694  834  707  772 1012  990  778  847  763  778  658  807  768  896  805  798  787  674  929  891  792  821  842  736 1057  891

  900 1077 1013  989 1027 1057  937  829 1029  870 1140 1154  995  954  957 1111  938 1027  825  818  900  952  952  823 1003 1012  904  895 1122  872 1242  879

  801  960  895  884  765  829  813  640  830  807  943 1070  926  795  880  903  745  819  839  716  796  777  815  743  887  867  786  751  861  705 1108  876

  832  850  782  847  762  715  761  740  769  735  898 1024  601  848  824  965  777  858  816  786  762  716  767  760  844  879  723  820  745  763  998  867

  678  852  882  760  820  674  811  649  718  707  826  843  650  723  637  808  651  780  643  784  767  851  732  643  813  885  743  718  830  774  813  740

  913 1016  971 1055  841  906  878  905  936  883 1198 1199  866 1044  977 1090  925  973  918  947  973  857  900  870 1045 1141 1027  944  959  948 1273 1033

  860 1005  829  956  911  788  800  788  876  836 1031 1013  867  887  727 1003  863  810  905  873  855  829  914  638  896  992  781  915  928  878 1077  837

  985 1079  974 1022  934  897  933  799  946  998 1187 1255  937 1095 1053 1183 1041  964 1084  972 1003  852 1029  863 1049 1059  877 1099 1018  953 1259 1088

  769  813  879  809  712  733  735  732  763  760  995  926  696  833  652  923  797  698  745  799  813  687  660  619  925 1040  792  713  810  742  970  885

  919  934  858 1042  741  858  875  883  871  860 1057 1080  940  955  837 1027  746  828  838  758  876  819  839  720 1022 1013  924  826  935  860 1168  834

  904 1047 1034 1008  989  993  955  890 1039  881 1099 1123  879  923  869 1093  917  999  875  840  891  917  875  818 1019 1123  967  973 1128  923 1136 1010

  886  843  815  884  729  669  850  666  726  762  902  940  653  853  811  985  777  757  780  694  839  715  749  651  757  812  762  707  796  785  994  781

  793  925  780  826  795  686  693  753  804  734 1029 1016  843  788  802  904  736  749  739  701  674  683  793  685  872  901  799  805  899  714 1033  706

  717  826  756  823  722  639  682  637  673  743  950  987  776  814  808  786  696  804  841  795  785  629  670  594  814  849  779  827  762  711  911  768

  754  852  664  839  726  624  718  619  771  789  855  933  759  760  654  919  729  702  744  609  708  734  726  641  862  923  755  862  769  736  952  761

  721  763  607  659  641  622  696  676  673  668  611  803  602  603  536  684  455  606  677  574  576  674  605  466  582  741  614  577  633  712  796  703

  814  812  832  832  794  839  762  738  888  769  953 1049  826  899  829  967  881  728  823  838  899  719  779  805  870 1025  726  891  871  705 1137 1017

  896  920  935  788  863  658  758  805  817  809  998  997  811  748  718  917  737  742  865  783  701  706  835  709  828  914  776  757  919  721  951  828

  835  971  920  914  870  966  792  704  964  801  973 1193  957  862  894  956  805  842  918  814  860  862  925  807  955 1042  853  743  860  888 1116  906

  881  937  826  809  824  816  780  740  853  728 1021  997  831  812  747  994  807  823  724  654  738  687  802  656  829  923  690  739  947  750 1005  825

  819  656  754  849  718  644  671  754  711  667  785  863  698  709  572  866  668  667  716  577  647  632  630  676  818  879  706  723  745  530  917  834

  718  763  782  755  763  692  623  701  712  664  915  849  766  799  644  834  745  735  703  797  736  678  676  615  780  875  619  724  743  554  932  726

  802  787  712  896  694  766  794  692  873  723  822  881  778  750  695  890  687  686  744  603  776  710  686  580  793  929  808  670  858  803  988  690

  637  684  747  728  678  519  635  606  521  666  781  848  516  698  641  767  701  633  717  714  762  583  596  515  674  739  662  661  679  601  899  752

  734  879  716  818  708  793  690  708  853  685  908 1075  823  739  800  829  726  810  785  650  725  659  763  678  815  939  760  655  773  814  983  718

  698  810  810  787  761  544  747  539  673  679  745  772  589  673  595  838  696  636  651  622  726  681  675  608  652  867  621  641  731  647  798  657

  707  822  811  735  757  761  551  749  820  636  817  934  771  759  749  741  619  748  739  673  762  646  616  652  669  846  748  687  829  598  998  773

  721  753  670  777  671  692  686  683  779  584  841  896  726  706  783  747  659  689  660  658  800  709  655  649  736  865  618  783  784  698 1004  731

 1046 1143 1160 1105  972 1072  933 1109 1048  893 1369 1391 1079 1124 1081 1099  946 1076 1054 1141 1138  985  926  866 1211 1203 1151  925 1122 1059 1431 1101

  945  848  846  919  847  837  828  889  942  805 1112 1105  880  981  914 1072  876  876  803  790  960  816  787  703  933 1041  929  800  935  817 1165  868

  806  849  826  784  745  676  755  573  696  819  880  886  733  786  675  837  700  683  773  669  742  707  633  515  740  926  717  711  816  730  865  695

Execution time for Strassen's algorithm: 0.030324 ms
Difference from naive algo execute time: -2603714 ms
# of additions/subtractions: 94698, Difference from naive algo: 61930
# of multiplications: 19607, Difference from naive algo: -13161
Matrix Order = 32, n cubed (for reference)= 32768
